8580
35217
0
37576
25251
44631
42400
2970
3750
46998
51552
25344
31896
57428
8169
8589
9912
14634
27594
7728
15708
13580
35035
8832
45296
58444
49400
24472
35872
7788
3773
6820
9700
41472
30144
1884
1448
1152
1068
5360
4750
4590
18930
12750
11040
9500
10279
6137
8417
8683
39420
40320
39960
40950
9576
31460
23980
25080
25355
17930
29939
37310
26026
40040
32942
41314
6450
7155
7560
3375
4000
2896
3112
4968
25418
33299
18886
29678
19525
20394
39006
34947
31958
29116
29116
5194
26940
29280
16512
24720
20372
6494
17437
24820
22052
9398
21054
9180
11502
9576
